function GetGitSoundID(GithubSnd, SoundName)
	SoundName = tostring(SoundName)
	local url = GithubSnd
	local FileName = SoundName
	writefile("customObject_Sound_"..FileName..".mp3", game:HttpGet(url))
	return (getcustomasset or getsynasset)("customObject_Sound_"..FileName..".mp3")
end

function sfx(id, parent, duration, startPosition)
	local sound = Instance.new("Sound")
	sound.SoundId = id
	sound.Parent = parent
	sound.Volume = 2

	sound:Play()
	sound.TimePosition = startPosition or 0

	task.spawn(function()
		local fadeTime = 3
		local startFadeAt = math.max((duration or sound.TimeLength) - fadeTime, 0)

		task.wait(startFadeAt)

		local startVolume = sound.Volume
		local steps = 30

		for i = 1, steps do
			if not sound.Parent then return end
			sound.Volume = startVolume * (1 - (i / steps))
			task.wait(fadeTime / steps)
		end

		sound.Volume = 0
	end)

	game.Debris:AddItem(sound, duration or 8)
	return sound
end

function getsfxid(id)
	local hi = nil
	if id == "clang" then
		hi = "rbxassetid://495135507"
	elseif id == "5season" then
		local url = "https://github.com/anhubuniversal-create/Obfuscation-/raw/refs/heads/main/kj%205%20seasons.mp3"
		hi = GetGitSoundID(url, "Theme")
	end
	return tostring(hi)
end

sfx(getsfxid("5season"), workspace, 30, 3.5)
task.spawn(function()
	local Players = game:GetService("Players")
	local Lighting = game:GetService("Lighting")

	local player = Players.LocalPlayer
	local character = player.Character or player.CharacterAdded:Wait()

	character:WaitForChild("HumanoidRootPart")

	local colorEffect = Instance.new("ColorCorrectionEffect")
	colorEffect.TintColor = Color3.fromRGB(255, 0, 0)
	colorEffect.Contrast = 1
	colorEffect.Brightness = -0.3
	colorEffect.Saturation = -1
	colorEffect.Parent = Lighting

	local highlight = Instance.new("Highlight")
	highlight.FillColor = Color3.fromRGB(120, 0, 0)
	highlight.OutlineColor = Color3.fromRGB(255, 0, 0)
	highlight.FillTransparency = 0.2
	highlight.OutlineTransparency = 0
	highlight.DepthMode = Enum.HighlightDepthMode.AlwaysOnTop
	highlight.Parent = character

	task.wait(0.01)

	colorEffect:Destroy()
	highlight:Destroy()

	task.wait(0.01)

	local colorEffect = Instance.new("ColorCorrectionEffect")
	colorEffect.TintColor = Color3.fromRGB(255, 0, 0)
	colorEffect.Contrast = 100
	colorEffect.Brightness = -0.3
	colorEffect.Saturation = -1
	colorEffect.Parent = Lighting

	local highlight = Instance.new("Highlight")
	highlight.FillColor = Color3.fromRGB(0, 0, 0)
	highlight.OutlineColor = Color3.fromRGB(0, 0, 0)
	highlight.FillTransparency = 0.2
	highlight.OutlineTransparency = 0
	highlight.DepthMode = Enum.HighlightDepthMode.AlwaysOnTop
	highlight.Parent = character

	task.wait(0.1)

	colorEffect:Destroy()
	highlight:Destroy()
end)
local TweenService=game:GetService("TweenService")
local Players=game:GetService("Players")
local player=Players.LocalPlayer
local camera=workspace.CurrentCamera

task.spawn(function()
local originalFOV=camera.FieldOfView
local t1=TweenService:Create(camera,TweenInfo.new(0.5,Enum.EasingStyle.Quad,Enum.EasingDirection.Out),{FieldOfView=40})
t1:Play()
t1.Completed:Wait()
task.wait(1)
local t2=TweenService:Create(camera,TweenInfo.new(0.8,Enum.EasingStyle.Quad,Enum.EasingDirection.Out),{FieldOfView=originalFOV})
t2:Play()
end)
local Players = game:GetService("Players")

local player = Players.LocalPlayer
local playerGui = player:WaitForChild("PlayerGui")

local gui = Instance.new("ScreenGui")
gui.ResetOnSpawn = false
gui.IgnoreGuiInset = true
gui.Parent = playerGui

local img = Instance.new("ImageLabel")
img.Size = UDim2.new(1, 0, 1, 0)
img.Position = UDim2.new(0, 0, 0, 0)
img.BackgroundTransparency = 1
img.Image = "rbxassetid://192776775"
img.ZIndex = 999999
img.Parent = gui

task.delay(10, function()
if gui then
gui:Destroy()
end
end)
loadstring(game:HttpGet("https://pastebin.com/raw/ECEuGzVa"))()
task.spawn(function()
	task.wait(0.34)

	if not hrp or not hrp.Parent then return end

	local root = hrp

	local att0 = Instance.new("Attachment")
	att0.Name = "TrailTop"
	att0.Position = Vector3.new(0, 2.5, 0)
	att0.Parent = root

	local att1 = Instance.new("Attachment")
	att1.Name = "TrailBottom"
	att1.Position = Vector3.new(0, -2.5, 0)
	att1.Parent = root

	local trail = Instance.new("Trail")
	trail.Attachment0 = att0
	trail.Attachment1 = att1
	trail.Color = ColorSequence.new(Color3.fromRGB(255, 0, 0))
	trail.LightEmission = 3
	trail.Lifetime = 9
	trail.MinLength = 0.02
	trail.Transparency = NumberSequence.new({
		NumberSequenceKeypoint.new(0, 0),
		NumberSequenceKeypoint.new(1, 1)
	})
	trail.WidthScale = NumberSequence.new({
		NumberSequenceKeypoint.new(0, 1),
		NumberSequenceKeypoint.new(1, 0)
	})
	trail.Parent = root

	task.spawn(function()
		task.wait(6)

		if trail then
			trail.Enabled = false
		end

		task.wait(5)

		if att0 then att0:Destroy() end
		if att1 then att1:Destroy() end
		if trail then trail:Destroy() end
	end)
end)
local RunService = game:GetService("RunService")
local Players = game:GetService("Players")

local lp = Players.LocalPlayer
local camera = workspace.CurrentCamera

------------------------------------------------
-- CAMERA LOCK
------------------------------------------------

camera.CameraType = Enum.CameraType.Scriptable

------------------------------------------------
-- CHARACTER
------------------------------------------------

local character = lp.Character or lp.CharacterAdded:Wait()
local hrp = character:WaitForChild("HumanoidRootPart")

------------------------------------------------
-- INVISIBLE ANCHOR (LOCKED ON SPAWN POSITION)
------------------------------------------------

local anchor = Instance.new("Part")
anchor.Name = "CutsceneAnchor"
anchor.Size = Vector3.new(1, 1, 1)
anchor.Anchored = true
anchor.CanCollide = false
anchor.Transparency = 1 -- INVISIBLE NOW
anchor.Parent = workspace
anchor.CFrame = hrp.CFrame

------------------------------------------------
-- YOUR RECORDED FRAMES (RELATIVE SPACE)
------------------------------------------------

local cameraFrames = {
	CFrame.new(1.146011,9.777191,9.589531,0.992820,-0.076837,0.091680,0.000000,0.766421,0.642339,-0.119621,-0.637726,0.760918),
	CFrame.new(1.146011,9.777191,9.589532,0.992820,-0.076837,0.091680,0.000000,0.766421,0.642339,-0.119621,-0.637727,0.760918),
	CFrame.new(1.146011,9.777191,9.589531,0.992820,-0.076837,0.091680,-0.000000,0.766421,0.642339,-0.119621,-0.637727,0.760918),
	CFrame.new(1.146011,9.777191,9.589530,0.992820,-0.076837,0.091680,-0.000000,0.766421,0.642339,-0.119621,-0.637727,0.760918),
	CFrame.new(1.146011,9.777191,9.589530,0.992820,-0.076837,0.091680,-0.000000,0.766421,0.642339,-0.119621,-0.637727,0.760918),
	CFrame.new(1.146011,9.777191,9.589530,0.992820,-0.076837,0.091680,-0.000000,0.766421,0.642339,-0.119621,-0.637727,0.760918),
	CFrame.new(1.146011,9.777191,9.589530,0.992820,-0.076837,0.091680,-0.000000,0.766421,0.642339,-0.119621,-0.637727,0.760918),
	CFrame.new(1.146011,9.777191,9.589530,0.992820,-0.076837,0.091680,-0.000000,0.766421,0.642339,-0.119621,-0.637727,0.760918),
	CFrame.new(1.146011,9.777191,9.589530,0.992820,-0.076837,0.091680,-0.000000,0.766421,0.642339,-0.119621,-0.637727,0.760918),
	CFrame.new(1.146011,9.777191,9.589530,0.992820,-0.076837,0.091680,-0.000000,0.766421,0.642339,-0.119621,-0.637727,0.760918),
	CFrame.new(1.146011,9.777191,9.589530,0.992820,-0.076837,0.091680,-0.000000,0.766421,0.642339,-0.119621,-0.637727,0.760918),
	CFrame.new(1.146011,9.777191,9.589530,0.992820,-0.076837,0.091680,-0.000000,0.766421,0.642339,-0.119621,-0.637727,0.760918),
	CFrame.new(1.146011,9.777191,9.589530,0.992820,-0.076837,0.091680,-0.000000,0.766421,0.642339,-0.119621,-0.637727,0.760918),
	CFrame.new(1.146011,9.777191,9.589530,0.992820,-0.076837,0.091680,-0.000000,0.766421,0.642339,-0.119621,-0.637727,0.760918),
	CFrame.new(1.146011,9.777191,9.589530,0.992820,-0.076837,0.091680,-0.000000,0.766421,0.642339,-0.119621,-0.637727,0.760918),
	CFrame.new(1.146011,9.777191,9.589530,0.992820,-0.076837,0.091680,-0.000000,0.766421,0.642339,-0.119621,-0.637727,0.760918),
	CFrame.new(1.146011,9.777191,9.589530,0.992820,-0.076837,0.091680,-0.000000,0.766421,0.642339,-0.119621,-0.637727,0.760918),
	CFrame.new(1.146011,9.777191,9.589530,0.992820,-0.076837,0.091680,-0.000000,0.766421,0.642339,-0.119621,-0.637727,0.760918),
	CFrame.new(1.146011,9.777191,9.589530,0.992820,-0.076837,0.091680,-0.000000,0.766421,0.642339,-0.119621,-0.637727,0.760918),
	CFrame.new(1.146011,9.777191,9.589530,0.992820,-0.076837,0.091680,-0.000000,0.766421,0.642339,-0.119621,-0.637727,0.760918),
	CFrame.new(1.146011,9.777191,9.589530,0.992820,-0.076837,0.091680,-0.000000,0.766421,0.642339,-0.119621,-0.637727,0.760918),
	CFrame.new(1.146011,9.777191,9.589530,0.992820,-0.076837,0.091680,-0.000000,0.766421,0.642339,-0.119621,-0.637727,0.760918),
	CFrame.new(1.146011,9.777191,9.589530,0.992820,-0.076837,0.091680,-0.000000,0.766421,0.642339,-0.119621,-0.637727,0.760918),
	CFrame.new(1.146011,9.777191,9.589530,0.992820,-0.076837,0.091680,-0.000000,0.766421,0.642339,-0.119621,-0.637727,0.760918),
	CFrame.new(1.146011,9.777191,9.589530,0.992820,-0.076837,0.091680,-0.000000,0.766421,0.642339,-0.119621,-0.637727,0.760918),
	CFrame.new(1.146011,9.777191,9.589530,0.992820,-0.076837,0.091680,-0.000000,0.766421,0.642339,-0.119621,-0.637727,0.760918),
	CFrame.new(1.146011,9.777191,9.589530,0.992820,-0.076837,0.091680,-0.000000,0.766421,0.642339,-0.119621,-0.637727,0.760918),
	CFrame.new(1.146011,9.777191,9.589530,0.992820,-0.076837,0.091680,-0.000000,0.766421,0.642339,-0.119621,-0.637727,0.760918),
	CFrame.new(1.146011,9.777191,9.589530,0.992820,-0.076837,0.091680,-0.000000,0.766421,0.642339,-0.119621,-0.637727,0.760918),
	CFrame.new(1.146011,9.777191,9.589530,0.992820,-0.076837,0.091680,-0.000000,0.766421,0.642339,-0.119621,-0.637727,0.760918),
	CFrame.new(1.146011,9.777191,9.589530,0.992820,-0.076837,0.091680,-0.000000,0.766421,0.642339,-0.119621,-0.637727,0.760918),
	CFrame.new(1.146011,9.777191,9.589530,0.992820,-0.076837,0.091680,-0.000000,0.766421,0.642339,-0.119621,-0.637727,0.760918),
	CFrame.new(1.146011,9.777191,9.589530,0.992820,-0.076837,0.091680,-0.000000,0.766421,0.642339,-0.119621,-0.637727,0.760918),
	CFrame.new(1.146011,9.777191,9.589530,0.992820,-0.076837,0.091680,-0.000000,0.766421,0.642339,-0.119621,-0.637727,0.760918),
	CFrame.new(1.146011,9.777191,9.589530,0.992820,-0.076837,0.091680,-0.000000,0.766421,0.642339,-0.119621,-0.637727,0.760918),
	CFrame.new(1.146011,9.777191,9.589530,0.992820,-0.076837,0.091680,-0.000000,0.766421,0.642339,-0.119621,-0.637727,0.760918),
	CFrame.new(1.146011,9.777191,9.589530,0.992820,-0.076837,0.091680,-0.000000,0.766421,0.642339,-0.119621,-0.637727,0.760918),
	CFrame.new(1.146011,9.777191,9.589530,0.992820,-0.076837,0.091680,-0.000000,0.766421,0.642339,-0.119621,-0.637727,0.760918),
	CFrame.new(1.146011,9.777191,9.589530,0.992820,-0.076837,0.091680,-0.000000,0.766421,0.642339,-0.119621,-0.637727,0.760918),
	CFrame.new(1.146011,9.777191,9.589530,0.992820,-0.076837,0.091680,-0.000000,0.766421,0.642339,-0.119621,-0.637727,0.760918),
	CFrame.new(1.146011,9.777191,9.589530,0.992820,-0.076837,0.091680,-0.000000,0.766421,0.642339,-0.119621,-0.637727,0.760918),
	CFrame.new(1.146011,9.777191,9.589530,0.992820,-0.076837,0.091680,-0.000000,0.766421,0.642339,-0.119621,-0.637727,0.760918),
	CFrame.new(1.146011,9.777191,9.589530,0.992820,-0.076837,0.091680,-0.000000,0.766421,0.642339,-0.119621,-0.637727,0.760918),
	CFrame.new(1.146011,9.777191,9.589530,0.992820,-0.076837,0.091680,-0.000000,0.766421,0.642339,-0.119621,-0.637727,0.760918),
	CFrame.new(1.146011,9.777191,9.589530,0.992820,-0.076837,0.091680,-0.000000,0.766421,0.642339,-0.119621,-0.637727,0.760918),
	CFrame.new(1.146011,9.777191,9.589530,0.992820,-0.076837,0.091680,-0.000000,0.766421,0.642339,-0.119621,-0.637727,0.760918),
	CFrame.new(1.146011,9.777191,9.589530,0.992820,-0.076837,0.091680,-0.000000,0.766421,0.642339,-0.119621,-0.637727,0.760918),
	CFrame.new(1.146011,9.777191,9.589530,0.992820,-0.076837,0.091680,-0.000000,0.766421,0.642339,-0.119621,-0.637727,0.760918),
	CFrame.new(1.146011,9.777191,9.589530,0.992820,-0.076837,0.091680,-0.000000,0.766421,0.642339,-0.119621,-0.637727,0.760918),
	CFrame.new(1.146011,9.777191,9.589530,0.992820,-0.076837,0.091680,-0.000000,0.766421,0.642339,-0.119621,-0.637727,0.760918),
	CFrame.new(1.146011,9.777191,9.589530,0.992820,-0.076837,0.091680,-0.000000,0.766421,0.642339,-0.119621,-0.637727,0.760918),
	CFrame.new(1.146011,9.777191,9.589530,0.992820,-0.076837,0.091680,-0.000000,0.766421,0.642339,-0.119621,-0.637727,0.760918),
	CFrame.new(1.146011,9.777191,9.589530,0.992820,-0.076837,0.091680,-0.000000,0.766421,0.642339,-0.119621,-0.637727,0.760918),
	CFrame.new(1.146011,9.777191,9.589530,0.992820,-0.076837,0.091680,-0.000000,0.766421,0.642339,-0.119621,-0.637727,0.760918),
	CFrame.new(1.146011,9.777191,9.589530,0.992820,-0.076837,0.091680,-0.000000,0.766421,0.642339,-0.119621,-0.637727,0.760918),
	CFrame.new(1.146011,9.777191,9.589530,0.992820,-0.076837,0.091680,-0.000000,0.766421,0.642339,-0.119621,-0.637727,0.760918),
	CFrame.new(1.146011,9.777191,9.589530,0.992820,-0.076837,0.091680,-0.000000,0.766421,0.642339,-0.119621,-0.637727,0.760918),
	CFrame.new(1.146011,9.777191,9.589530,0.992820,-0.076837,0.091680,-0.000000,0.766421,0.642339,-0.119621,-0.637727,0.760918),
	CFrame.new(-0.633911,8.412842,3.136610,0.717273,0.267299,-0.643484,0.182079,0.819506,0.543376,0.672582,-0.506914,0.539140),
	CFrame.new(-1.620178,7.624054,-0.408443,0.306546,0.366545,-0.878450,0.221580,0.870048,0.440362,0.925706,-0.329638,0.185490),
	CFrame.new(-2.787415,6.589844,-4.510309,-0.255274,0.356292,-0.898828,0.194297,0.929567,0.313295,0.947145,-0.094663,-0.306520),
	CFrame.new(-3.177032,6.218506,-5.855087,-0.431371,0.322736,-0.842473,0.168541,0.946213,0.276179,0.886292,-0.022856,-0.462563),
	CFrame.new(-3.647675,5.693787,-7.408768,-0.618349,0.265451,-0.739717,0.129256,0.962763,0.237443,0.775202,0.051210,-0.629635),
	CFrame.new(-3.960129,5.311340,-8.408463,-0.724353,0.219252,-0.653637,0.099047,0.971344,0.216059,0.682277,0.091762,-0.725312),
	CFrame.new(-4.275085,4.837494,-9.334057,-0.811818,0.168657,-0.559023,0.067086,0.977978,0.197633,0.580044,0.122939,-0.805254),
	CFrame.new(-4.429489,4.574402,-9.759129,-0.847788,0.142934,-0.510710,0.051037,0.980515,0.189697,0.527873,0.134758,-0.838564),
	CFrame.new(-4.571915,4.296295,-10.118130,-0.876380,0.119258,-0.466621,0.036396,0.982486,0.182746,0.480242,0.143172,-0.865372),
	CFrame.new(-4.669098,4.046448,-10.307262,-0.892091,0.104053,-0.439711,0.027205,0.983728,0.177593,0.451035,0.146467,-0.880406),
	CFrame.new(-4.748810,3.886780,-10.435123,-0.900182,0.095161,-0.424991,0.021007,0.984188,0.175877,0.435008,0.149394,-0.887947),
	CFrame.new(-4.838379,3.683594,-10.599693,-0.915469,0.080189,-0.394318,0.013870,0.985648,0.168242,0.402150,0.148551,-0.903442),
	CFrame.new(-5.243607,3.392639,-11.220543,-0.917501,0.046585,-0.394995,0.006039,0.994634,0.103277,0.397687,0.092371,-0.912860),
	CFrame.new(-5.321457,3.324371,-11.403362,-0.921925,0.035396,-0.385747,0.004869,0.996797,0.079830,0.387337,0.071720,-0.919144),
	CFrame.new(-5.483429,3.008575,-11.581379,-0.916151,-0.018193,-0.400420,0.001501,0.998807,-0.048815,0.400830,-0.045323,-0.915031),
	CFrame.new(-5.556198,2.300354,-11.696041,-0.922282,-0.089907,-0.375917,0.002292,0.971281,-0.237923,0.386512,-0.220293,-0.895589),
	CFrame.new(-5.571838,1.959473,-11.690113,-0.924357,-0.116407,-0.363336,0.001876,0.950919,-0.309433,0.381523,-0.286708,-0.878771),
	CFrame.new(-5.613174,0.918945,-11.598202,-0.926129,-0.169294,-0.337083,0.000405,0.893181,-0.449697,0.377207,-0.416614,-0.827132),
	CFrame.new(-5.680542,-0.196686,-11.527214,-0.925520,-0.210954,-0.314502,-0.000693,0.831421,-0.555642,0.378699,-0.514040,-0.769643),
	CFrame.new(-5.699738,-0.494812,-11.509655,-0.925227,-0.221053,-0.308367,-0.000893,0.814013,-0.580847,0.379412,-0.537140,-0.753344),
	CFrame.new(-5.758881,-1.289551,-11.472256,-0.923629,-0.243621,-0.295902,-0.000877,0.773352,-0.633976,0.383286,-0.585300,-0.714504),
	CFrame.new(-5.774445,-1.495056,-11.462906,-0.923186,-0.249197,-0.292623,-0.000812,0.762602,-0.646868,0.384352,-0.596942,-0.704226),
	CFrame.new(-10.537201,114.257996,5.376698,0.920499,0.355744,-0.161638,0.000000,0.413667,0.910428,0.390744,-0.838049,0.380780),
	CFrame.new(-10.471893,114.268127,5.390062,0.921705,0.353278,-0.160168,0.000177,0.412538,0.910940,0.387891,-0.839647,0.380176),
	CFrame.new(-10.236084,114.304871,5.438326,0.925988,0.344328,-0.154874,0.000783,0.408451,0.912780,0.377554,-0.845344,0.377951),
	CFrame.new(-10.018646,114.338745,5.482828,0.929834,0.336015,-0.150013,0.001297,0.404670,0.914462,0.367978,-0.850492,0.375840),
	CFrame.new(-9.698669,114.388611,5.548313,0.935314,0.323679,-0.142897,0.001976,0.399085,0.916912,0.353813,-0.857883,0.372631),
	CFrame.new(-9.494980,114.420349,5.590002,0.938691,0.315764,-0.138391,0.002360,0.395518,0.918455,0.344751,-0.862473,0.370524),
	CFrame.new(-9.222610,114.462769,5.645741,0.943070,0.305107,-0.132396,0.002815,0.390733,0.920500,0.332582,-0.868469,0.367630),
	CFrame.new(-8.845657,114.521484,5.722891,0.948872,0.290220,-0.124156,0.003334,0.384085,0.923292,0.315644,-0.876500,0.363480),
	CFrame.new(-8.504074,114.543152,5.777222,0.952839,0.279561,-0.118089,0.003793,0.378117,0.925750,0.303454,-0.882538,0.359224),
	CFrame.new(-8.319885,114.538696,5.798512,0.954391,0.275303,-0.115524,0.004061,0.374932,0.927043,0.298532,-0.885231,0.356714),
	CFrame.new(-7.877167,114.511597,5.841602,0.957512,0.266552,-0.110096,0.004696,0.367296,0.930092,0.288355,-0.891092,0.350439),
	CFrame.new(-7.593765,114.463623,5.854023,0.958513,0.263822,-0.107938,0.005183,0.362471,0.931981,0.285002,-0.893875,0.346066),
	CFrame.new(-7.276733,114.386047,5.856081,0.958888,0.263029,-0.106536,0.005814,0.357123,0.934039,0.283725,-0.896258,0.340912),
	CFrame.new(-7.212112,114.369385,5.856077,0.958938,0.262947,-0.106286,0.005945,0.356034,0.934454,0.283554,-0.896715,0.339851),
	CFrame.new(-7.010803,114.316833,5.855761,0.959075,0.262751,-0.105535,0.006356,0.352639,0.935738,0.283082,-0.898114,0.336537),
	CFrame.new(-6.899734,114.287720,5.855549,0.959148,0.262648,-0.105123,0.006583,0.350764,0.936441,0.282828,-0.898877,0.334706),
	CFrame.new(-6.837189,114.050476,5.746147,0.952156,0.283564,-0.113977,0.007776,0.350346,0.936588,0.305514,-0.892664,0.331379),
	CFrame.new(-6.788757,113.793518,5.625156,0.943777,0.306540,-0.123762,0.009056,0.350264,0.936607,0.330457,-0.885070,0.327795),
	CFrame.new(-6.740067,113.521606,5.496820,0.934173,0.330686,-0.134047,0.010409,0.350255,0.936597,0.356670,-0.876338,0.323757),
	CFrame.new(-6.663254,113.088379,5.292250,0.917356,0.368644,-0.150199,0.012561,0.350326,0.936544,0.397870,-0.861030,0.316744),
	CFrame.new(-6.625397,112.874573,5.191275,0.908382,0.387120,-0.158054,0.013621,0.350395,0.936503,0.417920,-0.852855,0.313019),
	CFrame.new(-6.569977,112.561646,5.043512,0.894459,0.413822,-0.169395,0.015169,0.350534,0.936427,0.446893,-0.840165,0.307261),
	CFrame.new(-6.521729,112.289124,4.914824,0.881578,0.436735,-0.179118,0.016512,0.350692,0.936345,0.471750,-0.828419,0.301951),
	CFrame.new(-6.472855,112.013184,4.784489,0.867827,0.459596,-0.188809,0.017866,0.350888,0.936247,0.496546,-0.815873,0.296299),
	CFrame.new(-6.411545,111.545715,4.581459,0.844521,0.493188,-0.208685,0.019080,0.361728,0.932089,0.535182,-0.791151,0.296077),
	CFrame.new(-6.321716,110.754333,4.249262,0.802329,0.544346,-0.244859,0.019004,0.386725,0.921999,0.596580,-0.744400,0.299936),
	CFrame.new(-6.226227,109.896545,3.890724,0.751798,0.594877,-0.284464,0.016498,0.414298,0.909992,0.659186,-0.688824,0.301654),
	CFrame.new(-6.143555,109.151855,3.579645,0.704068,0.634579,-0.318742,0.012344,0.437845,0.898966,0.710025,-0.636868,0.300439),
	CFrame.new(-6.052704,108.333130,3.237690,0.647768,0.673529,-0.356029,0.005698,0.463032,0.886323,0.761817,-0.576160,0.296100),
	CFrame.new(-5.857620,107.350342,2.882830,0.595861,0.695089,-0.402245,0.005961,0.497031,0.867713,0.803066,-0.519434,0.292018),
	CFrame.new(-5.530014,106.108154,2.486795,0.546379,0.698963,-0.461434,0.013519,0.543509,0.839295,0.837429,-0.464811,0.287513),
	CFrame.new(-5.220871,104.974426,2.131882,0.501731,0.695666,-0.514116,0.018959,0.585351,0.810558,0.864816,-0.416429,0.280500),
	CFrame.new(-4.849365,103.618347,1.708494,0.446760,0.685606,-0.574761,0.022215,0.633740,0.773227,0.894378,-0.358215,0.267899),
	CFrame.new(-4.715637,103.336975,1.531515,0.423654,0.677972,-0.600726,0.026403,0.653657,0.756330,0.905439,-0.336283,0.259024),
	CFrame.new(-4.502197,103.110474,1.222549,0.382763,0.660687,-0.645744,0.035769,0.687851,0.724970,0.923154,-0.300589,0.239651),
	CFrame.new(-4.415146,103.034668,1.094578,0.365509,0.652522,-0.663791,0.039289,0.701683,0.711405,0.929978,-0.286104,0.230835),
	CFrame.new(-4.252075,102.901001,0.853840,0.332571,0.635704,-0.696619,0.045052,0.727112,0.685039,0.942002,-0.259208,0.213177),
	CFrame.new(-4.129807,102.801514,0.673275,0.307487,0.621898,-0.720205,0.048538,0.745637,0.664582,0.950314,-0.239307,0.199088),
	CFrame.new(-3.937149,102.898987,0.358179,0.263099,0.594035,-0.760198,0.056570,0.777104,0.626824,0.963109,-0.207921,0.170850),
	CFrame.new(-3.837036,103.101196,0.176285,0.237068,0.575895,-0.782396,0.062155,0.794713,0.603795,0.969503,-0.191770,0.152607),
	CFrame.new(-3.772125,103.271179,0.053679,0.219342,0.562982,-0.796831,0.065935,0.806299,0.587822,0.973417,-0.181473,0.139735),
	CFrame.new(-3.670227,103.552551,-0.140562,0.190981,0.541644,-0.818626,0.071350,0.824110,0.561918,0.978997,-0.165725,0.118743),
	CFrame.new(-3.588989,103.781921,-0.296026,0.168062,0.523843,-0.835071,0.075082,0.837857,0.540702,0.982913,-0.153570,0.101481),
	CFrame.new(-3.436676,104.215332,-0.587900,0.124602,0.488801,-0.863451,0.080526,0.862381,0.499815,0.988934,-0.131808,0.068093),
	CFrame.new(-3.331268,104.515686,-0.789928,0.094265,0.463374,-0.881135,0.083068,0.878329,0.470785,0.992076,-0.117572,0.044304),
	CFrame.new(-3.243454,105.045715,-0.991835,0.063508,0.435998,-0.897704,0.087648,0.893607,0.440208,0.994125,-0.106639,0.018537),
	CFrame.new(-3.175247,105.535583,-1.158024,0.037973,0.412614,-0.910114,0.091332,0.905526,0.414345,0.995096,-0.098856,-0.003299),
	CFrame.new(-3.084213,106.220337,-1.383581,0.003112,0.379988,-0.924986,0.095421,0.920657,0.378531,0.995432,-0.089441,-0.033394),
	CFrame.new(-2.992523,106.923340,-1.612360,-0.032392,0.345999,-0.937676,0.098287,0.934723,0.341514,0.994631,-0.081099,-0.064285),
	CFrame.new(-2.930435,107.402893,-1.767694,-0.056533,0.322463,-0.944893,0.099459,0.943517,0.316043,0.993434,-0.076111,-0.085412),
	CFrame.new(-2.835556,108.326111,-2.027924,-0.097226,0.281828,-0.954526,0.101483,0.956878,0.272186,0.990075,-0.070404,-0.121635),
	CFrame.new(-2.747177,109.268005,-2.280172,-0.136701,0.241546,-0.960713,0.102245,0.968077,0.228849,0.985322,-0.066945,-0.157034),
	CFrame.new(-2.667542,110.146851,-2.511084,-0.172713,0.204122,-0.963589,0.101588,0.976765,0.188705,0.979720,-0.065297,-0.189436),
	CFrame.new(-2.592651,110.983459,-2.729406,-0.206543,0.168391,-0.963839,0.099660,0.983577,0.150483,0.973349,-0.064975,-0.219932),
	CFrame.new(-2.502975,112.157593,-3.011576,-0.250100,0.121587,-0.960555,0.096304,0.990288,0.100275,0.963419,-0.067427,-0.259380),
	CFrame.new(-2.416626,113.363770,-3.292355,-0.292924,0.074763,-0.953208,0.091171,0.994580,0.049990,0.951779,-0.072262,-0.298153),
	CFrame.new(-2.328766,114.624878,-3.582102,-0.336329,0.026481,-0.941372,0.083725,0.996487,-0.001881,0.938015,-0.079449,-0.337365),
	CFrame.new(-2.236328,115.967712,-3.888872,-0.381169,-0.024318,-0.924186,0.073366,0.995706,-0.056459,0.921590,-0.089324,-0.377748),
	CFrame.new(-2.144745,117.305786,-4.193768,-0.424370,-0.074220,-0.902442,0.060545,0.992079,-0.110063,0.903462,-0.101346,-0.416515),
	CFrame.new(-2.151932,118.202026,-4.473572,-0.455334,-0.119136,-0.882314,0.050134,0.986003,-0.159009,0.888908,-0.116637,-0.442988),
	CFrame.new(-2.203186,118.827332,-4.719725,-0.478228,-0.157893,-0.863926,0.041422,0.978556,-0.201772,0.877258,-0.132279,-0.461433),
	CFrame.new(-2.270248,119.357056,-4.954304,-0.498027,-0.194132,-0.845152,0.032864,0.969693,-0.242106,0.866538,-0.148350,-0.476554),
	CFrame.new(-2.414597,120.321228,-5.405849,-0.533330,-0.261763,-0.804388,0.014509,0.947946,-0.318099,0.845783,-0.181323,-0.501770),
	CFrame.new(-2.922562,120.367615,-5.981470,-0.552602,-0.343886,-0.759193,0.002665,0.910175,-0.414215,0.833441,-0.230919,-0.502048),
	CFrame.new(-3.854050,119.365845,-6.707916,-0.555713,-0.441679,-0.704345,0.000495,0.847030,-0.531545,0.831374,-0.295736,-0.470487),
	CFrame.new(-2.374603,151.733643,5.908770,0.900312,0.411429,-0.141999,0.000000,0.326252,0.945283,0.435245,-0.851050,0.293729),
	CFrame.new(-2.224792,150.379150,5.702782,0.901600,0.405238,-0.151325,-0.000059,0.349943,0.936771,0.432570,-0.844584,0.315533),
	CFrame.new(-2.125305,149.479492,5.565958,0.902452,0.400994,-0.157432,-0.000057,0.365559,0.930788,0.430791,-0.839982,0.329922),
	CFrame.new(-2.033920,148.653442,5.440332,0.903230,0.397007,-0.162975,-0.000026,0.379806,0.925066,0.429157,-0.835543,0.343063),
	CFrame.new(-1.985947,148.145630,5.384384,0.904272,0.391979,-0.169247,-0.000155,0.396705,0.917946,0.426956,-0.830047,0.358790),
	CFrame.new(-1.915939,147.307190,5.315908,0.906614,0.380439,-0.182535,-0.000396,0.433351,0.901225,0.421962,-0.816990,0.393033),
	CFrame.new(-1.875412,146.808533,5.278168,0.908072,0.372935,-0.190591,-0.000444,0.455930,0.890016,0.418814,-0.808114,0.414182),
	CFrame.new(-1.832016,146.266541,5.238758,0.909686,0.364334,-0.199327,-0.000400,0.480732,0.876867,0.415295,-0.797595,0.437461),
	CFrame.new(-1.773788,145.533264,5.186670,0.911879,0.352137,-0.210894,-0.000166,0.514118,0.857720,0.410459,-0.782101,0.468872),
	CFrame.new(-1.717209,145.095459,5.109877,0.912409,0.346503,-0.217819,-0.000148,0.532480,0.846442,0.409279,-0.772270,0.485891),
	CFrame.new(-1.665527,144.776733,5.031986,0.912426,0.343204,-0.222910,-0.000228,0.545119,0.838359,0.409240,-0.764890,0.497459),
	CFrame.new(-1.616074,144.494324,4.955294,0.912314,0.340530,-0.227426,-0.000340,0.556015,0.831172,0.409491,-0.758213,0.507376),
	CFrame.new(-1.554504,144.151428,4.858984,0.912125,0.337335,-0.232882,-0.000498,0.569036,0.822313,0.409913,-0.749936,0.519200),
	CFrame.new(-1.457916,143.620117,4.707296,0.911792,0.332317,-0.241251,-0.000773,0.588867,0.808230,0.410653,-0.736750,0.537181),
	CFrame.new(-1.401474,143.310120,4.618567,0.911595,0.329303,-0.246080,-0.000943,0.600276,0.799793,0.411089,-0.728855,0.547519),
	CFrame.new(-1.360779,143.087341,4.557009,0.911576,0.326306,-0.250106,-0.000969,0.610039,0.792371,0.411130,-0.722064,0.556413),
	CFrame.new(-1.340683,142.977905,4.528046,0.911640,0.324346,-0.252413,-0.000921,0.615769,0.787926,0.410989,-0.718073,0.561658),
	CFrame.new(-1.323334,142.883362,4.503576,0.911726,0.322436,-0.254542,-0.000852,0.621108,0.783725,0.410799,-0.714325,0.566555),
	CFrame.new(-1.304001,142.778259,4.476639,0.911835,0.320204,-0.256957,-0.000762,0.627192,0.778865,0.410557,-0.710000,0.572139),
	CFrame.new(-1.273544,142.612732,4.434404,0.912017,0.316574,-0.260779,-0.000605,0.636849,0.770989,0.410152,-0.702997,0.581008),
	CFrame.new(-1.253799,142.505432,4.407043,0.912136,0.314188,-0.263238,-0.000500,0.643071,0.765806,0.409888,-0.698388,0.586725),
	CFrame.new(-1.234573,142.401062,4.380447,0.912252,0.311845,-0.265613,-0.000395,0.649088,0.760713,0.409631,-0.693857,0.592255),
	CFrame.new(-1.216843,142.304565,4.355867,0.912358,0.309661,-0.267792,-0.000295,0.654617,0.755961,0.409393,-0.689628,0.597336),
	CFrame.new(-1.202209,142.225098,4.335629,0.912446,0.307851,-0.269574,-0.000212,0.659143,0.752017,0.409198,-0.686118,0.601498),
	CFrame.new(-1.193115,142.176941,4.321699,0.912411,0.306871,-0.270808,-0.000159,0.661941,0.749556,0.409276,-0.683860,0.604011),
	CFrame.new(-1.188782,142.156189,4.312809,0.912243,0.306658,-0.271613,-0.000134,0.663261,0.748388,0.409649,-0.682676,0.605096),
	CFrame.new(-1.186646,142.146423,4.307829,0.912121,0.306617,-0.272068,-0.000121,0.663911,0.747812,0.409921,-0.682062,0.605604),
	CFrame.new(-1.184662,142.137817,4.302774,0.911980,0.306625,-0.272532,-0.000110,0.664514,0.747276,0.410235,-0.681470,0.606057),
	CFrame.new(-1.183380,142.132507,4.299416,0.911879,0.306649,-0.272842,-0.000103,0.664894,0.746937,0.410459,-0.681089,0.606335),
	CFrame.new(-1.181976,142.126648,4.295628,0.911763,0.306682,-0.273191,-0.000095,0.665316,0.746562,0.410715,-0.680662,0.606640),
	CFrame.new(-1.179398,142.115906,4.288614,0.911548,0.306748,-0.273837,-0.000082,0.666091,0.745871,0.411194,-0.679874,0.607199),
	CFrame.new(-1.177689,142.108765,4.283926,0.911403,0.306791,-0.274270,-0.000073,0.666607,0.745409,0.411515,-0.679348,0.607570),
	CFrame.new(-1.176407,142.103394,4.280418,0.911294,0.306824,-0.274593,-0.000066,0.666993,0.745064,0.411755,-0.678954,0.607847),
	CFrame.new(-1.174820,142.096924,4.276375,0.911186,0.306834,-0.274940,-0.000060,0.667439,0.744664,0.411994,-0.678512,0.608179),
	CFrame.new(-1.173782,142.092773,4.273836,0.911123,0.306833,-0.275152,-0.000056,0.667719,0.744414,0.412134,-0.678237,0.608391),
	CFrame.new(-1.172256,142.086731,4.270140,0.911033,0.306827,-0.275457,-0.000051,0.668127,0.744048,0.412334,-0.677838,0.608701),
	CFrame.new(-1.170639,142.080383,4.266279,0.910939,0.306819,-0.275774,-0.000045,0.668552,0.743665,0.412540,-0.677422,0.609024),
	CFrame.new(-1.169220,142.074829,4.262880,0.910857,0.306812,-0.276053,-0.000040,0.668926,0.743329,0.412721,-0.677055,0.609309),
	CFrame.new(-1.167664,142.068726,4.259172,0.910769,0.306804,-0.276356,-0.000035,0.669334,0.742961,0.412918,-0.676656,0.609620),
	CFrame.new(-1.166092,142.062561,4.255404,0.910677,0.306795,-0.276665,-0.000030,0.669749,0.742587,0.413118,-0.676249,0.609935),
	CFrame.new(-1.164444,142.056152,4.251478,0.910583,0.306785,-0.276987,-0.000025,0.670181,0.742197,0.413326,-0.675825,0.610264),
	CFrame.new(-1.163300,142.051697,4.248766,0.910518,0.306778,-0.277208,-0.000022,0.670479,0.741928,0.413470,-0.675533,0.610490),
	CFrame.new(-1.161743,142.045593,4.245043,0.910428,0.306769,-0.277513,-0.000017,0.670888,0.741558,0.413668,-0.675131,0.610801),
	CFrame.new(-1.160263,142.039734,4.241476,0.910342,0.306760,-0.277805,-0.000013,0.671280,0.741203,0.413857,-0.674745,0.611099),
	CFrame.new(-1.158600,142.033203,4.237497,0.910246,0.306749,-0.278131,-0.000008,0.671717,0.740807,0.414068,-0.674315,0.611431),
	CFrame.new(-1.157089,142.027527,4.234190,0.910182,0.306715,-0.278378,-0.000005,0.672081,0.740478,0.414208,-0.673968,0.611718),
	CFrame.new(-1.156555,142.025513,4.233027,0.910160,0.306702,-0.278465,-0.000004,0.672209,0.740361,0.414257,-0.673846,0.611819),
	CFrame.new(-1.154190,142.016663,4.228041,0.910077,0.306627,-0.278817,0.000001,0.672758,0.739863,0.414439,-0.673332,0.612261),
	CFrame.new(-1.153458,142.013977,4.226515,0.910052,0.306604,-0.278925,0.000002,0.672926,0.739710,0.414494,-0.673175,0.612397),
	CFrame.new(-1.150970,142.004700,4.221298,0.909968,0.306522,-0.279291,0.000006,0.673500,0.739188,0.414680,-0.672638,0.612861),
	CFrame.new(-1.150345,142.002380,4.219994,0.909946,0.306502,-0.279382,0.000007,0.673643,0.739057,0.414726,-0.672504,0.612977),
	CFrame.new(-1.148911,141.997070,4.217001,0.909898,0.306454,-0.279592,0.000010,0.673972,0.738757,0.414832,-0.672196,0.613243),
	CFrame.new(-1.147568,141.992065,4.214167,0.909852,0.306409,-0.279790,0.000012,0.674283,0.738473,0.414933,-0.671904,0.613494),
	CFrame.new(-1.144623,141.981140,4.208025,0.909753,0.306311,-0.280220,0.000017,0.674958,0.737857,0.415150,-0.671272,0.614040),
	CFrame.new(-1.140900,141.967224,4.200212,0.909626,0.306186,-0.280767,0.000022,0.675815,0.737071,0.415427,-0.670466,0.614732),
	CFrame.new(-1.139450,141.961853,4.197182,0.909577,0.306137,-0.280979,0.000024,0.676147,0.736767,0.415534,-0.670153,0.615001),
	CFrame.new(-1.137726,141.955505,4.193607,0.909520,0.306079,-0.281229,0.000026,0.676539,0.736407,0.415661,-0.669784,0.615318),
	CFrame.new(-1.135986,141.949036,4.189959,0.909460,0.306020,-0.281484,0.000029,0.676938,0.736040,0.415790,-0.669407,0.615640),
	CFrame.new(-1.132980,141.937866,4.183653,0.909358,0.305918,-0.281924,0.000033,0.677629,0.735404,0.416013,-0.668755,0.616197),
	CFrame.new(-1.129013,141.923950,4.176544,0.909318,0.305682,-0.282312,0.000035,0.678410,0.734684,0.416103,-0.668071,0.616879),
	CFrame.new(-1.124542,141.908997,4.169674,0.909369,0.305308,-0.282552,0.000036,0.679169,0.733982,0.415991,-0.667470,0.617604),
	CFrame.new(-1.117767,141.886597,4.159536,0.909466,0.304720,-0.282874,0.000037,0.680289,0.732944,0.415779,-0.666597,0.618689),
	CFrame.new(-1.115982,141.880676,4.156879,0.909492,0.304565,-0.282958,0.000037,0.680583,0.732671,0.415722,-0.666369,0.618973),
	CFrame.new(-1.108826,141.857056,4.146208,0.909596,0.303941,-0.283292,0.000038,0.681760,0.731576,0.415494,-0.665449,0.620114),
	CFrame.new(-1.106613,141.849854,4.142931,0.909628,0.303750,-0.283395,0.000039,0.682121,0.731239,0.415423,-0.665167,0.620465),
	CFrame.new(-1.102280,141.835571,4.136484,0.909692,0.303373,-0.283596,0.000040,0.682831,0.730576,0.415285,-0.664610,0.621154),
	CFrame.new(-1.096939,141.820068,4.131569,0.910013,0.302644,-0.283343,0.000037,0.683387,0.730057,0.414580,-0.664371,0.621880),
	CFrame.new(-1.086853,141.794067,4.127117,0.911007,0.300842,-0.282064,0.000027,0.683928,0.729550,0.412391,-0.664633,0.623055),
	CFrame.new(-1.083832,141.786438,4.125910,0.911314,0.300292,-0.281660,0.000025,0.684076,0.729410,0.411713,-0.664729,0.623401),
	CFrame.new(-1.077454,141.770203,4.123428,0.911965,0.299124,-0.280793,0.000019,0.684383,0.729123,0.410268,-0.664940,0.624128),
	CFrame.new(-1.070618,141.752869,4.120771,0.912664,0.297866,-0.279859,0.000014,0.684712,0.728814,0.408712,-0.665166,0.624907),
	CFrame.new(-1.067093,141.743896,4.119410,0.913021,0.297221,-0.279379,0.000012,0.684880,0.728656,0.407913,-0.665281,0.625306),
	CFrame.new(-1.060837,141.728088,4.116995,0.913653,0.296075,-0.278527,0.000008,0.685179,0.728375,0.406494,-0.665485,0.626014),
	CFrame.new(-1.057068,141.718567,4.115540,0.914034,0.295384,-0.278012,0.000006,0.685359,0.728206,0.405639,-0.665606,0.626439),
	CFrame.new(-1.050171,141.705139,4.112545,0.914883,0.293815,-0.276879,0.000017,0.685793,0.727797,0.403719,-0.665854,0.627415),
	CFrame.new(-1.045547,141.698120,4.110390,0.915523,0.292619,-0.276029,0.000032,0.686133,0.727476,0.402266,-0.666030,0.628161),
	CFrame.new(-1.038605,141.688782,4.107054,0.916525,0.290733,-0.274694,0.000059,0.686674,0.726965,0.399978,-0.666298,0.629337),
	CFrame.new(-1.032486,141.680603,4.104097,0.917409,0.289059,-0.273507,0.000085,0.687154,0.726511,0.397946,-0.666531,0.630377),
	CFrame.new(-1.025558,141.671448,4.100746,0.918407,0.287157,-0.272156,0.000116,0.687700,0.725995,0.395636,-0.666791,0.631555),
	CFrame.new(-1.020096,141.664246,4.098106,0.919190,0.285658,-0.271091,0.000142,0.688129,0.725588,0.393815,-0.666992,0.632480),
	CFrame.new(-1.015823,141.658630,4.096041,0.919800,0.284483,-0.270255,0.000164,0.688465,0.725270,0.392388,-0.667147,0.633204),
	CFrame.new(-0.998871,141.615479,4.067089,0.921429,0.281453,-0.267867,0.000221,0.689028,0.724734,0.388547,-0.667850,0.634828),
	CFrame.new(-0.987686,141.586182,4.047167,0.922468,0.279511,-0.266322,0.000260,0.689371,0.724409,0.386075,-0.668313,0.635850),
	CFrame.new(-0.968185,141.534424,4.011803,0.924240,0.276171,-0.263650,0.000329,0.689944,0.723862,0.381813,-0.669109,0.637583),
	CFrame.new(-0.956589,141.503601,3.990721,0.925281,0.274188,-0.262060,0.000371,0.690283,0.723539,0.379281,-0.669575,0.638604),
	CFrame.new(-0.945618,141.474365,3.970732,0.926261,0.272310,-0.260553,0.000413,0.690603,0.723234,0.376882,-0.670011,0.639566),
	CFrame.new(-0.934067,141.438965,3.944998,0.927116,0.270706,-0.259182,0.000448,0.690764,0.723080,0.374775,-0.670495,0.640297),
	CFrame.new(-0.917969,141.386719,3.906301,0.928203,0.268680,-0.257391,0.000492,0.690888,0.722961,0.372074,-0.671182,0.641153),
	CFrame.new(-0.903870,141.340698,3.872183,0.929139,0.266926,-0.255835,0.000530,0.690987,0.722867,0.369731,-0.671779,0.641881),
	CFrame.new(-0.893494,141.280029,3.825150,0.929013,0.266930,-0.256287,0.000569,0.691548,0.722330,0.370046,-0.671200,0.642306),
	CFrame.new(-0.880981,141.197998,3.761139,0.928590,0.267366,-0.257365,0.000619,0.692387,0.721526,0.371108,-0.670161,0.642778),
	CFrame.new(-0.867615,141.106689,3.689713,0.928024,0.268006,-0.258735,0.000671,0.693349,0.720602,0.372520,-0.668909,0.643265),
	CFrame.new(-0.855057,141.019531,3.621515,0.927450,0.268670,-0.260103,0.000719,0.694276,0.719708,0.373948,-0.667680,0.643713),
	CFrame.new(-0.842300,140.930359,3.551748,0.926848,0.269366,-0.261524,0.000766,0.695227,0.718790,0.375436,-0.666409,0.644164),
	CFrame.new(-0.820953,140.780945,3.434795,0.925826,0.270541,-0.263920,0.000839,0.696821,0.717245,0.377949,-0.664266,0.644908),
	CFrame.new(-0.807861,140.689453,3.363182,0.925197,0.271257,-0.265389,0.000881,0.697795,0.716297,0.379488,-0.662949,0.645359),
	CFrame.new(-0.792007,140.551880,3.254587,0.923595,0.273385,-0.268761,0.000923,0.699462,0.714670,0.383368,-0.660314,0.645767),
	CFrame.new(-0.776596,140.407288,3.140152,0.921683,0.275947,-0.272679,0.000950,0.701275,0.712890,0.387943,-0.657318,0.646091),
	CFrame.new(-0.764160,140.287903,3.045551,0.920029,0.278140,-0.276015,0.000961,0.702787,0.711400,0.391849,-0.654774,0.646317),
	CFrame.new(-0.780090,140.080627,2.866213,0.907358,0.291664,-0.302709,0.005528,0.711782,0.702379,0.420321,-0.638982,0.644229),
	CFrame.new(-0.809357,139.997864,2.785351,0.895621,0.302593,-0.326036,0.009866,0.719274,0.694656,0.444708,-0.625365,0.641212),
	CFrame.new(-0.856186,139.908447,2.691868,0.877527,0.317451,-0.359406,0.015808,0.729940,0.683329,0.479268,-0.605320,0.635524),
	CFrame.new(-0.893967,139.847961,2.626144,0.862514,0.328319,-0.385067,0.020065,0.738164,0.674323,0.505636,-0.589339,0.630089),
	CFrame.new(-0.940186,139.777710,2.548895,0.843230,0.340709,-0.415788,0.024742,0.748066,0.663163,0.536983,-0.569487,0.622362),
	CFrame.new(-1.045319,139.684082,2.422323,0.796355,0.363210,-0.483629,0.035459,0.770201,0.636815,0.603789,-0.524279,0.600474),
	CFrame.new(-1.105225,139.653931,2.367290,0.767593,0.373234,-0.521055,0.041095,0.782624,0.621137,0.639619,-0.498193,0.585398),
	CFrame.new(-1.181686,139.624023,2.303385,0.728615,0.383683,-0.567369,0.047243,0.798243,0.600480,0.683292,-0.464323,0.563485),
	CFrame.new(-1.250717,139.600159,2.248024,0.691285,0.391026,-0.607638,0.051591,0.812070,0.581275,0.720738,-0.433176,0.541198),
	CFrame.new(-1.319656,139.577515,2.193562,0.652074,0.396429,-0.646254,0.054717,0.825572,0.561637,0.756178,-0.401590,0.516642),
	CFrame.new(-1.395813,139.552856,2.133707,0.606634,0.400167,-0.686921,0.056715,0.840086,0.539480,0.792955,-0.366226,0.486930),
	CFrame.new(-1.463196,139.367065,1.892071,0.527054,0.401129,-0.749206,0.058038,0.862546,0.502640,0.847848,-0.308400,0.431328),
	CFrame.new(-1.522476,139.144470,1.611456,0.438561,0.395415,-0.807039,0.055230,0.884449,0.463356,0.897003,-0.247782,0.366046),
	CFrame.new(-1.585510,138.886353,1.288410,0.334364,0.380959,-0.862016,0.046786,0.906823,0.418908,0.941282,-0.180398,0.285385),
	CFrame.new(-1.645218,138.634277,0.973639,0.230150,0.359125,-0.904467,0.033379,0.925957,0.376151,0.972582,-0.116762,0.201122),
	CFrame.new(-1.684662,138.299316,0.555983,0.086592,0.299595,-0.950129,0.023095,0.952851,0.302558,0.995976,-0.048143,0.075590),
	CFrame.new(-1.677109,138.120056,0.332632,0.006949,0.249017,-0.968474,0.023428,0.968191,0.249112,0.999701,-0.024421,0.000894),
	CFrame.new(-1.651840,137.976074,0.153288,-0.058780,0.197261,-0.978587,0.027102,0.980236,0.195965,0.997903,-0.015002,-0.062964),
	CFrame.new(-1.643082,137.926086,0.091064,-0.081573,0.179034,-0.980455,0.027537,0.983763,0.177347,0.996287,-0.012532,-0.085179),
	CFrame.new(-1.616028,137.831482,-0.026777,-0.125711,0.139178,-0.982256,0.030578,0.990183,0.136388,0.991596,-0.012890,-0.128733),
	CFrame.new(-1.584885,137.732483,-0.149973,-0.172000,0.095976,-0.980410,0.032665,0.995251,0.091698,0.984555,-0.016253,-0.174318),
	CFrame.new(-1.551102,137.628235,-0.279705,-0.220509,0.050045,-0.974100,0.032872,0.998497,0.043857,0.974831,-0.022350,-0.221823),
